608,608,608,608,608,608,608,608,608,608,608,608,
			608,608,608,608,608,608,608,608,608,608,608,608,608,608,608,608,
			608,608,608,608,608,608,608,608,608,608,608,608,608,608,608,608,
			608,608,608,608,608,608,608,608,608,608,608,608,608,608,608,608,
			608,608,608,608,608,608,608,608,608,608,608,608,608,608,608,608,
			608,608,608,608,608,608,608,608,608,608,608,608,608,608,608,608,
			608,608,608,608,608,608,608,608,608,608,608,608,608,608,608,608,
			608,608,608,608,608,608,608,608,608,608,608,608,608,608,608,608,
			608,608,608,608,608,608,608,608,608,608,608,608,608,608,608,608,
			608,608,608,608,608,608,608,608,608,608,608,608,608,608,608,608,
			608,608,608,608,608,608,608,608,608,608,608,608,608,608,608,608,
			608,608,608,608,608,608,608,608,608,608,608,608,608,608,608,608,
			608,608,608,608,608,608,608,608,608,608,608,608,608,608,608,608,
			608,608,608,608,608,608,608,608,608,608,608,608,608,608,608,608,
			608,608,608,608,608,608,608,608,608,608,608,608,608,608,608,608,
			608,608,608,608,608,608,608,608,608,608,608,608,608,608,608,608,
			608,608,608,608,
			152,152,152,152,152,152,152,152,152,152,152,152,152,152,152,152,
			152,152,152,152,152,152,152,152,152,152,152,152,152,152,152,152,
			152,152,152,152,152,152,152,152,152,152,152,152,152,152,152,152,
			152,152,152,152,152,152,152,152,152,152,152,152,152,152,152,152,
			152,152,152,152,152,152,152,152,152,152,152,152,152,152,152,152,
			152,152,152,152,152,152,152,152,152,152,152,152,152,152,152,152,
			152,152,152,152,152,152,152,152,152,152,152,152,152,152,152,152,
			152,152,152,152,152,152,152,152,152,152,152,152,152,152,152,152,
			152,152,152,152,152,152,152,152,152,152,152,152,152,152,152,152,
			152,152,152,152,152,152,152,152,152,152,152,152,152,152,152,152,
			152,152,152,152,152,152,152,152,152,152,152,152,152,152,152,152,
			152,152,152,152,152,152,152,152,152,152,152,152,152,152,152,152,
			152,152,152,152,152,152,152,152,152,152,152,152,152,152,152,152,
			152,152,152,152,152,152,152,152,152,152,152,152,152,152,152,152,
			152,152,152,152,152,152,152,152,152,152,152,152,152,152,152,152,
			152,152,152,152,152,152,152,152,152,152,152,152,152,152,152,152,
			760,760,760,760,760,760,760,760,760,760,760,760,760,760,760,760,
			760,760,760,760,760,760,760,760,760,760,760,760,760,760,760,760,
			760,760,760,760,760,760,760,760,760,760,760,760,760,760,760,760,
			760,760,760,760,760,760,760,760,760,760,760,760,760,760,760,760,
			760,760,760,760,760,760,760,760,760,760,760,760,760,760,760,760,
			760,760,760,760,760,760,760,760,760,760,760,760,760,760,760,760,
			760,760,760,760,760,760,760,760,760,760,760,760,760,760,760,760,
			760,760,760,760,760,760,760,760,760,760,760,760,760,760,760,760,
			760,760,760,760,760,760,760,760,760,760,760,760,760,760,760,760,
			760,760,760,760,760,760,760,760,760,760,760,760,760,760,760,760,
			760,760,760,760,760,760,760,760,760,760,760,760,760,760,760,760,
			760,760,760,760,760,760,760,760,760,760,760,760,760,760,760,760,
			760,760,760,760,760,760,760,760,760,760,760,760,760,760,760,760,
			760,760,760,760,760,760,760,760,760,760,760,760,760,760,760,760,
			760,760,760,760,760,760,760,760,760,760,760,760,760,760,760,760,
			760,760,760,760,760,760,760,760,760,760,760,760,760,760,760,760,
			1368,1368,1368,1368,
			1368,1368,1368,1368,1368,1368,1368,1368,1368,1368,1368,1368,1368,1368,1368,1368,1368,
			1368,1368,1368,1368,1368,1368,1368,1368,1368,1368,1368,1368,1368,1368,1368,1368,1368,
			1368,1368,1368,1368,1368,1368,1368,1368,1368,1368,1368,1368,1368,1368,1368,1368,1368,
			1368,1368,1368,1368,1368,1368,1368,1368,1368,1368,1368,1368,1368,1368,1368,1368,1368,
			1368,1368,1368,1368,1368,1368,1368,1368,1368,1368,1368,1368,1368,1368,1368,1368,1368,1368,
			1368,1368,1368,1368,1368,1368,1368,1368,1368,1368,1368,1368,1368,1368,1368,1368,1368,1368,1368,
			1368,1368,1368,1368,1368,1368,1368,1368,1368,1368,1368,1368,1368,1368,1368,1368,1368,1368,1368,
			1368,1368,1368,1368,1368,1368,1368,1368,1368,1368,1368,1368,1368,1368,1368,1368,1368,1368,1368,
			1368,1368,1368,1368,1368,1368,1368,1368,1368,1368,1368,1368,1368,1368,1368,1368,1368,1368,1368,
			1368,1368,1368,1368,1368,1368,1368,1368,1368,1368,1368,1368,1368,1368,1368,1368,1368,1368,1368,
			1368,1368,1368,1368,1368,1368,1368,1368,1368,1368,1368,1368,1368,1368,1368,1368,1368,1368,1368,
			1368,1368,1368,1368,1368,1368,1368,1368,1368,1368,1368,1368,1368,1368,1368,1368,1368,1368,1368,
			1368,1368,1368,1368,1368,1368,1368,1368,1368,1368,1368,1368,1368,1368,1368,1368,1368,1368,1368,
			1368,1368,1368,1368,1368,1368,1368,1368,1368,1368,1368,1368,1368,1368